29 29
34 34
6 6
32 32
28 28
3 3
28 28
30 30
6 6
34 34
24 24
17 17
24 2
2 2
19 19
23 23
32 32
6 6
31 31
6 6
6 6
2 2
34 34
19 19
14 14
30 30
30 30
7 7
24 24
31 31
25 25
7 7
31 31
30 30
28 28
28 34
31 31
26 26
34 28
17 3
19 19
30 30
17 17
6 6
31 31
6 6
30 30
6 6
32 32
28 28
30 30
11 11
31 31
32 28
24 24
17 17
19 19
17 17
19 19
20 20
24 24
24 24
11 31
34 34
24 3
17 17
31 31
32 32
6 6
30 30
25 25
6 6
7 7
32 32
23 23
6 6
19 19
14 14
30 30
29 29
3 3
17 17
24 11
32 32
14 14
29 29
24 24
19 19
26 26
31 24
24 24
6 23
17 17
25 25
31 31
3 3
32 32
32 32
32 32
6 6
30 29
25 25
30 30
31 31
19 19
2 2
24 32
24 3
32 32
30 30
25 33
19 28
28 28
31 31
29 29
25 25
12 12
3 2
11 11
28 28
7 7
29 24
32 32
24 24
24 25
31 31
7 7
24 19
7 7
25 25
19 19
6 6
25 25
34 3
26 26
34 34
28 34
25 25
34 34
7 7
19 19
19 19
31 25
28 28
31 31
24 31
28 28
25 25
31 24
31 34
31 31
2 2
17 3
17 17
30 30
31 20
28 28
28 17
24 24
25 25
3 3
19 19
30 30
31 31
26 26
6 6
26 26
17 19
6 6
24 24
18 18
24 24
31 31
29 29
19 19
32 32
30 30
19 24
25 25
28 28
12 12
30 30
3 3
26 6
11 25
6 6
30 30
17 17
23 23
28 28
17 17
19 19
24 28
6 6
6 33
17 17
19 19
25 31
24 32
30 30
19 19
6 7
12 12
19 19
32 32
24 34
24 24
3 3
19 3
30 30
19 19
34 7
11 31
17 17
30 30
23 23
24 24
7 7
19 19
19 19
32 32
11 11
26 26
12 12
32 32
19 19
24 3
14 14
19 17
20 20
24 31
34 3
14 14
34 34
24 24
30 30
19 19
28 28
31 11
32 11
34 34
26 26
24 11
34 24
19 19
25 25
28 28
12 12
31 31
6 6
19 19
11 11
25 34
26 26
19 19
24 24
11 11
6 6
34 34
2 2
28 19
34 34
17 20
24 24
29 29
28 17
11 11
29 29
6 6
29 7
34 25
28 2
28 28
29 29
24 31
29 29
24 2
26 26
28 28
3 20
19 19
17 3
29 29
28 28
14 14
28 28
31 31
31 28
28 28
25 25
19 19
34 34
30 30
32 25
25 25
30 30
31 11
24 24
23 23
17 17
31 31
29 29
7 7
24 24
33 33
6 12
31 31
25 25
19 19
24 24
28 11
28 28
11 11
31 31
34 34
17 17
28 28
17 17
30 30
31 31
25 25
34 34
6 6
6 6
24 24
26 26
17 25
31 31
25 25
24 32
32 32
11 11
11 11
30 30
3 3
25 28
24 24
6 6
28 28
6 6
17 17
24 24
29 29
14 14
32 25
11 11
25 25
29 29
25 18
23 23
34 34
31 31
31 34
30 6
24 24
29 26
24 24
28 28
17 17
24 24
25 25
29 29
29 29
30 30
31 31
26 26
24 25
19 19
28 28
28 28
31 31
34 34
25 25
25 25
34 20
7 7
24 25
31 31
25 25
31 18
26 26
34 34
12 7
29 29
26 7
17 17
18 18
24 24
19 19
19 19
30 30
19 19
32 32
30 30
19 25
6 6
6 6
28 14
28 28
34 34
14 14
34 34
26 26
31 31
31 31
30 30
28 28
24 24
32 32
31 31
29 29
24 24
30 30
11 11
26 12
25 25
25 25
28 28
2 2
6 6
17 17
30 30
26 26
26 26
34 34
34 34
26 26
31 3
34 34
17 18
32 32
28 28
31 31
31 31
3 3
31 34
25 25
25 25
25 25
3 17
6 6
17 17
29 29
25 25
3 3
23 23
24 24
7 7
28 28
31 31
30 30
31 31
18 18
23 23
32 32
31 31
18 18
17 17
28 28
19 19
31 34
26 26
3 3
11 11
26 23
6 26
30 7
24 24
14 14
34 34
28 28
34 34
26 26
28 28
23 10
24 25
6 6
25 31
19 19
24 24
26 26
28 28
29 29
17 17
6 6
34 34
30 30
30 30
14 14
26 26
34 34
31 31
31 31
20 20
34 34
3 3
6 29
24 18
34 34
6 23
17 3
11 11
24 24
19 19
31 14
28 17
34 32
6 6
29 29
28 28
29 29
19 19
3 17
19 19
26 30
31 31
17 17
28 28
28 28
11 11
25 25
25 25
18 20
12 12
26 26
23 23
6 6
34 34
17 17
6 6
28 28
6 7
31 31
6 6
24 24
26 26
32 3
34 34
34 34
30 30
28 28
7 7
10 10
31 31
31 31
30 30
6 6
19 19
31 31
28 19
28 28
11 11
26 26
26 10
11 11
19 28
29 29
31 32
19 19
32 32
25 25
6 6
32 32
24 24
31 31
11 11
18 18
29 29
11 11
30 30
25 25
17 17
24 24
19 19
7 7
24 25
6 6
17 17
25 25
26 26
19 19
29 29
30 30
6 6
28 28
34 34
17 17
26 26
25 25
34 34
17 17
34 34
28 19
30 30
31 31
34 34
26 26
26 26
24 24
28 19
31 31
28 28
19 19
31 31
19 20
19 19
30 30
19 19
11 11
14 14
19 19
19 19
28 28
33 33
30 30
24 24
25 28
19 19
28 28
20 20
6 6
28 24
34 28
19 19
28 28
6 6
26 26
24 25
17 20
12 12
3 3
6 6
31 32
29 29
28 28
3 3
17 17
24 32
20 34
19 19
17 17
31 31
17 17
24 14
24 32
30 29
31 31
29 29
28 28
6 6
7 23
31 31
28 28
19 19
6 26
28 28
25 25
25 25
17 17
24 24
28 17
19 19
19 19
34 31
10 10
25 31
6 6
31 31
12 12
19 19
32 32
11 11
6 6
26 26
7 7
31 11
6 6
11 11
28 28
6 6
31 31
29 29
31 31
3 3
28 28
26 26
19 28
17 17
30 30
25 25
3 3
30 30
29 29
29 29
17 17
23 23
30 30
24 24
34 34
32 32
29 7
26 26
6 6
31 3
32 32
31 31
30 30
19 19
25 25
30 30
34 10
28 28
32 32
25 25
6 6
19 19
29 29
28 28
25 25
31 24
6 7
26 26
29 29
19 19
31 31
31 18
11 14
17 28
17 17
29 29
28 24
25 25
6 6
24 24
34 20
30 30
26 12
11 11
28 28
32 32
29 26
3 3
7 7
14 14
11 11
14 14
14 14
26 26
24 24
25 25
7 7
28 28
31 11
24 24
25 25
6 26
31 25
6 6
24 24
26 26
28 19
32 32
19 19
24 24
19 19
30 30
30 30
19 19
24 24
28 28
28 31
2 2
19 19
17 17
3 3
28 19
29 29
28 19
30 30
30 30
6 6
19 19
25 25
6 12
24 32
28 28
26 33
26 23
30 30
31 31
31 31
31 31
6 6
11 11
24 24
24 17
26 12
25 25
28 28
29 29
29 29
17 17
32 32
2 2
26 26
25 25
31 20
28 14
34 34
30 30
30 30
17 2
24 24
6 6
26 26
34 34
34 34
17 17
3 3
31 25
28 17
19 28
28 3
31 31
30 30
33 33
28 28
17 3
6 6
17 17
6 6
33 33
24 24
3 3
24 24
24 24
30 30
19 19
31 11
19 19
34 34
26 26
32 32
14 14
33 33
25 25
17 17
17 17
11 11
25 2
32 32
6 6
19 19
11 11
31 31
28 28
32 32
24 25
30 30
17 17
19 19
24 12
26 26
23 23
24 24
28 28
24 24
29 30
26 26
31 31
31 31
11 11
24 17
19 24
28 28
19 19
28 32
6 6
19 19
30 30
6 6
30 30
19 19
6 6
24 24
20 20
30 30
7 7
25 25
6 6
30 30
30 26
11 11
32 32
17 17
31 31
11 11
32 32
25 25
3 3
23 10
17 17
28 28
31 31
24 24
12 12
7 7
31 31
6 6
3 3
17 17
25 25
32 32
3 3
24 24
19 19
24 24
24 34
19 19
19 19
25 25
11 11
31 31
24 30
6 33
17 17
31 31
34 34
3 25
2 2
2 2
30 30
19 19
17 17
24 24
11 11
20 20
6 6
31 25
31 31
30 30
11 11
26 26
24 24
31 31
25 25
24 28
30 30
24 24
6 6
28 28
31 31
31 31
29 29
29 26
31 31
17 28
28 28
26 26
24 14
34 34
3 3
6 33
7 7
19 19
6 6
31 31
30 30
24 25
19 19
26 26
25 25
17 11
28 28
28 28
26 12
30 30
19 19
19 19
19 19
31 17
17 17
28 28
17 17
29 29
19 19
17 17
19 28
24 14
24 24
30 30
31 25
29 29
26 26
26 26
33 33
19 19
28 28
25 34
26 12
19 19
24 24
25 25
29 26
28 28
6 23
25 31
31 31
19 28
29 29
24 24
11 24
28 28
17 19
6 6
11 11
11 11
28 28
25 25
11 11
31 31
30 30
23 23
29 6
25 25
24 24
6 29
17 17
19 19
28 28
3 3
30 6
34 3
19 19
31 31
25 25
26 26
25 25
26 26
32 32
34 34
17 25
30 30
28 28
24 24
17 17
6 6
31 31
24 24
24 25
24 24
11 11
14 14
29 29
26 26
28 28
31 17
19 19
31 31
28 28
29 26
6 6
24 24
19 19
7 7
19 14
28 28
31 31
25 25
32 32
31 32
24 18
19 19
34 34
17 18
19 19
25 31
2 2
28 28
19 19
32 32
6 6
6 6
30 30
11 11
28 28
17 17
25 14
17 17
32 14
30 30
34 34
31 31
24 24
12 12
30 33
31 31
2 2
30 30
31 25
19 19
34 34
34 34
25 25
19 19
19 19
17 17
28 28
34 34
19 19
11 25
31 31
24 24
29 29
26 26
29 29
32 19
28 28
24 24
30 30
28 28
6 6
24 24
19 19
25 25
23 23
29 7
34 34
31 28
7 7
28 11
25 25
17 17
19 19
6 6
26 26
31 31
34 34
19 19
30 30
17 32
31 3
19 19
11 11
34 34
17 34
24 2
17 17
28 28
26 26
3 11
25 25
31 32
24 24
24 24
29 10
26 26
7 7
30 7
31 31
26 26
25 25
26 26
25 25
11 11
24 18
6 6
25 25
32 32
19 19
24 24
25 32
28 28
29 29
24 24
19 19
26 12
28 28
19 19
24 19
24 20
30 30
30 30
31 34
28 28
24 24
28 28
33 33
32 32
25 25
34 34
25 25
7 7
19 19
32 32
6 6
23 23
17 17
26 26
34 34
28 28
19 19
30 30
17 3
11 25
30 30
18 18
28 3
31 25
19 19
20 20
24 24
30 30
25 25
19 19
34 34
6 26
24 24
24 24
19 19
24 24
6 6
31 31
6 29
24 31
25 25
19 19
26 26
30 30
31 31
24 24
24 2
34 34
34 20
2 2
25 17
28 28
30 30
32 32
32 32
11 11
25 20
28 28
28 25
32 32
6 26
29 26
17 25
31 25
34 34
25 25
6 6
6 6
28 28
32 32
24 24
19 19
2 2
17 17
28 19
29 30
30 30
24 19
20 20
3 3
6 6
26 26
11 11
26 26
29 29
6 6
34 34
17 17
31 31
30 7
30 30
29 29
6 29
28 28
29 29
10 10
28 28
30 30
12 12
19 19
28 28
23 23
31 31
30 30
24 24
31 25
18 18
17 17
6 6
25 25
17 14
6 6
31 31
11 34
24 24
34 34
28 28
25 3
25 25
34 11
29 29
17 17
30 30
25 25
26 26
19 19
26 33
30 30
32 32
28 28
31 31
19 19
29 29
24 24
30 7
26 26
26 12
30 30
30 30
31 31
6 6
24 25
30 30
25 28
28 28
25 25
34 10
19 19
3 3
28 19
34 34
6 6
29 29
29 29
11 11
6 6
32 32
19 11
31 17
25 25
34 34
26 26
19 19
19 19
2 2
29 29
25 25
28 28
31 20
29 29
14 14
19 24
29 26
31 31
32 32
3 3
17 17
3 3
26 26
24 24
6 6
19 19
24 24
31 31
29 29
17 17
2 2
30 30
17 17
28 19
31 31
31 31
19 19
26 12
31 17
34 34
26 26
24 24
30 30
24 24
24 24
17 17
28 28
34 34
26 26
19 19
11 11
3 3
17 17
25 25
19 19
25 25
24 25
28 28
28 28
3 3
24 24
24 24
23 23
28 28
24 24
28 28
29 29
11 11
25 25
24 24
6 6
31 11
31 31
25 25
28 28
24 24
31 11
28 28
19 19
28 28
19 19
31 31
24 2
31 31
24 24
6 6
31 34
34 34
19 19
6 6
19 19
26 26
29 29
24 24
3 3
17 17
32 32
19 19
28 28
14 14
24 24
32 28
24 24
26 26
17 17
26 7
19 19
30 30
19 19
34 34
7 7
33 33
25 29
24 25
19 28
19 19
19 3
19 19
31 11
28 28
31 31
30 30
26 26
34 34
32 32
32 32
24 24
24 11
17 2
19 19
30 30
20 20
26 26
30 30
24 24
24 24
31 32
34 34
3 3
30 30
19 19
25 25
6 10
24 24
6 6
29 29
31 31
25 14
26 26
17 17
30 30
24 31
34 34
28 28
11 24
30 30
24 24
19 25
24 24
7 7
29 29
28 28
6 6
6 6
11 11
28 28
25 25
24 24
18 18
17 17
24 24
26 26
25 25
28 28
31 31
17 17
24 32
6 6
26 26
34 34
31 29
19 19
31 34
6 6
19 19
25 25
31 3
26 30
32 32
11 11
28 28
29 29
11 11
31 31
24 24
28 28
25 25
24 24
31 34
24 24
19 19
32 32
6 6
25 25
19 19
3 3
24 11
19 19
26 26
10 10
31 31
17 17
28 28
19 28
24 18
31 20
28 19
17 32
23 23
19 11
32 32
25 25
34 34
24 24
28 28
19 19
24 24
17 17
26 26
28 28
12 12
24 24
17 17
30 30
19 18
19 17
34 34
25 18
28 28
32 18
31 31
28 28
29 29
34 34
33 33
24 31
11 11
24 24
31 31
34 34
19 28
6 30
24 24
23 23
26 26
33 33
33 33
29 12
29 29
19 19
6 6
32 32
20 20
7 7
11 11
24 24
31 31
6 6
31 31
30 30
24 24
28 17
30 30
11 11
30 30
34 34
17 17
24 24
19 19
24 24
31 31
7 7
31 25
28 28
24 24
30 30
34 34
11 11
31 31
24 19
24 11
17 17
28 28
31 24
17 17
31 17
32 32
33 33
25 34
32 32
30 30
19 31
28 28
6 6
33 33
24 24
26 26
31 31
28 3
3 3
24 24
28 28
24 24
26 26
17 17
31 31
25 25
17 25
24 24
32 32
28 28
6 6
19 19
17 17
19 19
31 31
17 17
30 30
24 24
11 11
6 6
6 10
26 29
19 19
23 23
34 17
25 25
24 24
26 26
17 17
24 24
6 6
31 31
32 32
32 17
31 31
32 32
3 3
17 17
17 17
25 25
28 28
24 17
32 32
30 30
26 26
24 24
19 19
19 19
19 19
34 18
31 31
24 24
26 26
24 24
7 7
25 11
31 31
6 6
6 6
31 31
25 25
32 25
17 17
28 19
29 29
24 2
23 23
26 26
28 28
29 29
3 3
26 26
30 30
34 34
34 34
25 25
31 2
34 34
6 6
24 24
30 30
11 11
32 17
33 33
30 30
26 33
3 17
29 6
24 28
32 32
24 28
28 28
30 30
11 25
30 30
17 28
30 30
25 24
19 19
19 19
29 29
32 32
11 18
26 12
29 29
31 19
6 23
6 6
7 7
31 3
19 14
19 19
6 6
3 3
17 32
17 17
18 18
19 19
30 30
19 19
6 30
17 17
29 29
6 6
6 30
31 31
19 19
25 25
34 20
33 33
32 32
10 10
31 31
28 28
28 28
25 25
31 31
29 29
19 19
31 25
34 34
7 7
24 24
31 31
19 28
24 24
31 31
17 17
19 19
23 23
31 34
19 19
19 19
31 31
11 11
34 34
28 28
28 28
24 11
25 25
31 31
6 6
28 19
26 26
6 29
32 17
31 31
28 28
31 20
3 3
17 17
29 29
6 6
28 28
6 6
28 28
28 28
25 11
31 31
18 18
25 3
24 24
34 34
34 19
28 28
32 32
19 17
24 24
32 32
17 32
19 19
25 25
11 11
19 19
24 24
31 25
31 2
32 32
26 26
32 32
25 25
31 17
19 19
28 28
17 17
24 24
28 28
25 25
17 17
6 7
33 33
24 24
34 34
24 24
24 32
31 17
25 25
28 28
3 3
33 33
32 32
25 25
26 26
31 31
17 17
31 32
24 24
31 31
34 7
28 28
32 34
25 25
31 3
31 31
17 17
17 17
2 2
32 17
24 24
25 25
26 26
30 12
17 17
31 31
30 7
6 6
28 28
28 28
24 24
31 17
19 25
31 31
24 24
24 24
28 28
25 25
32 32
26 26
32 32
28 17
17 3
31 31
24 24
32 32
6 6
3 17
19 19
6 6
19 19
18 18
25 31
29 29
17 17
31 31
20 20
19 28
17 17
32 24
24 32
25 25
19 19
19 19
31 31
34 34
3 3
19 19
24 24
12 12
29 29
19 19
25 28
24 11
31 31
30 30
6 6
30 30
23 23
32 32
24 24
28 28
17 17
28 28
25 25
14 14
28 28
24 24
3 3
17 17
19 19
26 26
31 11
26 26
11 11
6 6
20 20
31 31
24 24
17 14
29 7
34 34
3 3
28 28
24 24
31 31
25 25
31 18
31 2
24 24
6 6
6 6
26 26
26 26
19 32
17 17
17 31
28 28
7 7
26 26
7 7
31 31
24 24
24 24
26 23
28 19
17 17
30 30
3 3
24 24
19 19
31 31
24 24
24 24
17 17
31 25
29 23
31 25
28 28
25 25
31 31
26 26
6 7
30 30
17 17
28 28
32 32
6 29
24 24
17 17
19 19
3 3
24 32
24 24
28 28
24 14
23 23
26 26
34 11
29 29
25 25
3 3
32 32
19 19
25 25
29 33
25 25
17 17
30 30
11 11
19 19
25 25
11 11
28 28
31 31
24 24
19 25
26 26
18 18
24 24
6 12
31 31
26 26
12 12
17 17
30 30
30 30
20 20
25 25
28 28
19 19
31 31
24 34
30 30
28 19
25 2
18 18
11 11
17 17
28 28
25 25
24 24
24 34
30 30
29 29
26 26
32 32
31 25
28 28
6 29
7 7
24 24
28 28
6 7
19 28
30 30
30 30
30 30
19 19
24 19
32 32
26 26
19 19
17 17
25 25
28 28
32 32
14 14
26 33
19 19
24 24
25 25
26 26
17 17
24 24
26 26
29 12
17 17
24 24
18 18
31 3
31 31
6 6
17 17
23 23
29 29
25 25
7 7
23 23
17 17
26 29
24 18
32 32
25 25
31 31
24 24
28 28
31 31
34 17
19 19
33 33
24 24
3 3
25 25
19 19
25 25
19 19
30 30
31 31
19 19
32 19
29 29
17 14
19 19
24 11
30 30
6 6
24 24
26 12
7 7
28 28
24 24
17 17
31 31
11 11
19 3
6 6
28 28
24 24
30 30
28 28
19 28
31 31
32 11
6 6
24 24
32 32
19 32
29 29
29 29
19 19
25 25
25 25
19 19
34 34
24 24
6 26
19 19
17 17
24 17
6 6
19 19
14 14
25 31
32 32
32 32
11 11
30 30
30 23
32 32
28 28
32 32
34 34
32 32
17 17
31 20
34 34
30 30
11 11
19 19
26 12
26 12
31 31
19 19
6 23
3 3
3 3
29 29
12 12
19 28
26 7
29 29
34 34
31 32
29 29
32 32
11 24
26 26
34 34
11 11
26 26
28 28
19 19
28 17
31 31
31 31
18 18
34 34
7 7
33 33
25 25
29 29
31 14
25 25
17 17
17 17
11 11
32 18
28 28
6 6
33 33
34 34
6 6
32 32
17 3
17 17
25 18
17 17
6 6
31 31
30 30
26 12
17 17
26 26
30 6
24 24
19 19
24 24
19 2
30 30
14 14
6 29
25 25
29 29
30 30
24 24
6 6
17 17
25 25
25 32
31 25
19 19
25 25
24 24
31 31
19 19
20 20
6 6
6 7
30 30
28 28
25 25
31 3
24 2
28 28
25 25
30 30
24 24
12 12
30 30
11 17
18 18
19 19
29 29
17 34
17 31
6 6
7 7
28 28
32 32
26 26
24 24
25 25
19 19
23 23
28 28
28 28
6 6
6 6
30 30
24 24
28 28
28 28
28 28
26 26
26 26
19 19
3 17
11 11
19 3
25 25
3 3
2 2
6 6
19 19
28 2
29 29
6 6
3 3
31 20
32 32
31 34
30 30
3 3
24 24
28 28
30 30
31 31
10 10
7 33
19 19
32 32
17 11
18 18
25 25
14 14
6 6
26 26
11 11
3 3
25 25
28 28
29 29
28 28
19 19
18 18
30 30
11 11
10 10
30 30
17 17
28 28
11 18
17 17
26 7
24 24
26 26
11 11
19 19
25 25
17 17
24 24
19 19
6 26
31 31
31 31
14 14
24 24
3 3
31 31
20 20
28 19
18 18
17 34
28 2
6 6
31 20
34 34
31 31
32 32
28 19
30 29
25 25
6 10
19 19
28 28
18 18
6 7
31 3
31 31
26 12
19 19
32 32
19 19
31 31
34 34
6 6
24 24
25 25
12 12
11 11
26 26
19 19
24 24
24 24
32 32
28 28
32 32
19 19
30 30
6 6
26 26
24 28
30 30
32 32
30 7
26 26
19 19
29 29
25 25
14 14
30 30
26 7
17 17
25 25
28 28
30 10
23 23
18 18
32 32
30 30
30 30
11 11
29 29
3 3
31 31
30 30
32 31
34 34
3 3
24 24
25 34
11 11
26 26
6 6
28 28
31 14
31 31
28 28
3 17
6 6
32 17
19 19
24 31
26 26
24 25
25 25
11 2
28 28
30 30
30 30
26 26
28 28
6 6
6 6
31 24
31 31
28 28
25 25
31 32
24 24
3 3
24 24
25 25
14 14
25 25
32 32
6 6
30 30
26 26
24 11
25 25
29 29
34 34
19 19
30 30
19 19
24 24
31 11
26 26
11 11
28 28
26 26
19 19
34 34
24 24
23 23
26 26
6 6
28 19
28 28
19 19
29 29
24 24
30 30
30 30
7 7
30 30
17 17
31 31
25 25
24 24
2 25
30 30
17 31
24 25
25 24
6 6
24 11
3 3
19 19
24 24
7 7
31 31
31 17
26 26
17 31
11 11
28 19
19 19
18 18
24 24
26 29
26 26
24 24
31 31
6 6
19 10
24 24
23 23
32 32
30 30
32 32
24 11
30 29
25 25
25 25
28 28
24 24
6 6
24 17
6 6
28 28
32 32
34 34
31 31
23 23
11 11
25 25
26 26
25 25
24 24
24 24
14 14
2 2
6 6
17 17
11 11
31 11
14 14
28 28
2 2
31 14
6 6
17 3
6 6
11 11
11 11
17 17
32 32
31 31
6 6
11 11
6 6
24 3
19 19
30 30
25 25
26 26
24 24
23 23
24 24
3 3
19 19
19 19
31 24
31 31
31 34
24 25
29 29
25 25
28 20
29 29
7 7
19 20
32 32
26 26
30 30
24 24
11 11
19 19
25 25
17 17
26 26
24 31
30 23
30 30
28 28
28 28
34 34
31 24
29 23
28 28
19 19
26 26
28 28
19 28
6 6
28 28
14 14
17 17
32 32
25 25
31 31
30 30
29 29
31 31
6 6
11 11
17 17
17 17
30 30
31 25
29 29
24 24
30 30
31 31
31 31
30 30
23 23
17 17
12 12
3 2
19 17
29 29
30 30
11 11
33 33
17 3
30 30
26 26
26 26
31 11
17 17
23 23
28 28
25 28
32 32
33 33
28 28
6 6
24 24
19 19
31 11
3 17
20 20
31 31
6 30
31 20
28 28
29 29
25 25
34 34
28 28
6 6
19 19
34 34
6 7
31 32
24 31
17 19
11 11
34 34
34 34
17 17
32 32
10 10
28 28
23 23
29 29
19 19
17 17
24 24
17 17
31 28
31 25
32 32
32 32
28 28
31 25
26 26
19 19
26 26
19 19
28 28
24 18
32 32
31 17
26 26
11 11
11 11
26 26
17 17
26 26
26 29
29 29
31 3
31 3
31 31
19 28
19 25
6 10
17 17
31 3
19 19
30 30
24 24
19 17
6 6
25 25
6 6
32 32
29 29
29 29
31 31
23 23
28 3
28 28
19 19
6 6
25 25
17 17
29 29
26 26
19 19
34 34
25 25
25 25
6 6
24 24
25 25
30 30
17 17
24 24
19 2
24 2
25 25
11 11
28 3
19 19
19 19
29 29
3 3
19 19
6 6
26 10
25 25
28 28
26 26
24 24
26 26
26 26
18 18
26 26
32 32
31 20
28 24
26 26
28 19
32 32
30 30
29 29
28 28
30 23
19 19
25 25
19 19
30 26
20 20
6 6
30 30
31 31
19 25
29 29
18 18
28 2
32 32
28 31
30 30
3 2
23 23
25 31
24 24
32 32
32 32
28 28
3 3
11 2
29 29
32 32
28 28
28 28
34 34
3 3
29 29
32 32
28 28
17 17
25 25
6 6
24 24
32 32
25 25
24 24
34 34
10 10
6 6
25 25
25 25
31 31
29 29
25 25
14 14
33 33
24 24
24 25
31 31
28 3
6 29
24 24
6 6
28 28
14 14
30 30
30 30
25 25
31 31
17 17
28 28
31 31
19 19
30 30
24 11
26 26
24 25
24 24
31 31
32 32
31 31
26 10
31 12
30 26
31 31
30 6
6 6
6 7
30 30
24 24
32 32
6 26
28 28
28 2
30 26
24 17
19 19
24 24
32 32
24 24
20 20
17 17
6 6
34 34
26 26
31 31
24 24
25 25
25 25
19 19
6 6
26 26
31 26
34 20
24 24
19 19
32 32
32 32
25 25
24 24
29 29
19 19
28 28
26 26
19 19
28 28
29 29
24 24
32 32
6 6
24 24
30 30
31 31
31 31
29 29
19 25
25 25
29 26
29 29
25 25
26 26
3 3
25 25
26 26
26 26
17 17
24 24
32 32
31 11
25 25
19 19
28 19
11 31
28 28
28 28
32 32
30 30
30 30
24 24
28 28
25 25
30 30
26 26
30 30
28 28
32 32
3 3
26 26
6 7
19 24
28 28
28 17
28 32
19 19
6 6
25 14
3 3
28 28
28 11
17 3
32 32
11 25
25 25
31 31
25 25
25 25
24 25
24 32
17 17
9 24
31 31
24 24
25 25
3 3
17 17
31 31
23 10
30 30
19 19
32 32
17 25
23 23
28 28
32 32
34 25
28 28
32 32
6 30
25 25
3 3
19 14
12 12
28 28
11 11
30 30
28 19
25 25
24 24
31 20
32 32
28 32
17 17
24 24
17 17
6 6
19 19
24 24
11 11
25 25
24 24
18 18
31 31
26 26
24 24
6 6
17 11
6 6
14 14
29 29
19 28
6 6
20 20
31 18
19 19
30 30
30 30
31 31
26 7
30 30
19 19
32 32
25 20
26 26
10 10
28 28
24 24
30 30
6 6
30 30
24 24
28 3
24 24
17 17
6 6
24 24
34 20
24 24
30 30
10 10
7 7
17 17
26 26
2 2
31 32
28 28
11 11
28 28
25 25
33 33
29 29
30 7
7 7
20 20
17 17
31 31
30 30
14 14
25 31
30 30
34 34
2 2
6 6
17 17
11 11
26 26
31 31
28 28
25 25
29 29
6 6
25 25
19 19
34 34
3 3
6 6
19 19
26 26
24 24
29 29
25 25
31 31
28 28
31 31
26 26
31 31
31 31
7 7
24 24
6 6
30 30
19 19
6 6
31 2
19 19
29 29
28 28
25 25
17 17
3 3
25 31
7 7
32 32
3 3
17 17
32 32
30 30
24 24
28 28
19 19
6 6
31 31
3 3
24 24
26 26
30 30
6 23
19 28
30 30
17 17
31 31
31 31
25 25
29 29
23 23
30 30
19 28
17 17
3 3
31 31
28 24
32 32
30 30
28 28
29 29
30 30
30 30
17 17
17 11
30 30
30 30
17 17
28 28
32 32
6 6
24 24
12 12
6 6
26 26
24 24
32 32
11 11
20 20
31 25
26 26
6 7
23 23
17 24
32 32
25 25
3 3
32 32
32 32
31 25
32 28
25 31
33 33
31 3
6 6
30 30
34 34
31 31
26 26
19 19
24 24
28 28
24 3
6 33
31 34
25 25
11 31
19 19
31 31
24 24
11 11
7 7
34 34
23 23
25 25
24 25
28 28
32 32
26 26
19 19
28 28
10 10
6 6
11 11
6 33
12 12
32 32
17 17
11 11
30 30
30 30
30 30
31 31
28 28
6 6
3 3
17 17
30 30
19 28
11 25
30 30
20 20
24 24
24 24
17 17
29 29
34 34
6 6
24 24
28 28
19 19
17 17
26 30
28 28
28 28
25 25
17 17
6 6
30 30
30 30
25 25
26 26
25 25
19 19
25 18
24 2
17 17
6 33
6 29
24 24
19 19
17 28
11 11
31 25
28 28
28 28
30 30
24 24
20 20
28 28
32 32
34 34
31 31
31 31
31 20
17 17
30 30
6 7
12 26
17 17
19 28
11 11
34 34
29 29
3 3
31 24
19 19
28 19
24 24
28 19
19 19
6 6
7 7
24 24
34 20
17 3
28 28
33 33
29 29
34 34
17 17
6 23
6 6
24 24
24 24
6 6
24 24
26 26
11 11
31 31
6 6
32 32
34 34
24 24
34 34
19 19
19 19
25 25
32 32
30 30
25 25
30 30
29 33
31 25
32 32
19 19
24 24
26 26
31 31
6 6
31 17
19 19
26 26
24 24
6 6
17 17
28 28
34 34
32 32
25 25
24 24
24 24
25 31
17 17
11 11
34 18
26 26
26 23
6 6
6 6
23 23
31 34
24 11
32 32
17 17
24 24
19 19
29 29
17 3
19 28
2 2
6 6
19 28
11 11
24 24
31 31
25 25
24 24
19 19
11 25
19 24
28 3
6 6
31 11
17 17
24 24
25 25
31 31
25 25
24 24
28 24
28 28
24 24
31 31
6 6
32 32
6 6
28 17
17 3
18 18
33 33
11 32
24 24
29 6
24 25
31 17
6 6
19 19
24 24
6 6
31 3
24 24
17 2
24 24
23 23
30 30
28 28
11 11
25 25
24 24
24 24
29 29
26 26
30 30
17 17
17 31
6 6
19 19
29 30
34 34
17 17
32 32
32 14
2 2
6 6
28 28
3 3
6 6
24 24
24 24
28 28
3 28
31 31
7 7
33 33
28 28
30 30
31 31
6 6
7 7
26 26
31 24
31 31
19 19
24 24
24 24
33 33
28 28
25 25
25 25
28 19
29 29
30 7
20 20
30 30
31 31
24 24
10 10
19 34
28 28
28 28
11 11
32 32
31 25
29 29
19 19
17 17
32 31
6 6
25 25
34 28
19 19
26 26
25 28
28 28
25 25
6 6
31 31
6 6
34 34
25 25
29 29
2 2
30 30
32 32
28 19
17 17
2 2
31 31
31 31
24 32
11 11
30 6
24 11
19 28
25 31
25 25
6 6
24 28
23 23
6 6
11 11
19 19
19 19
6 6
26 30
30 30
24 24
31 31
24 24
31 31
10 10
24 25
18 18
31 31
6 6
6 26
28 28
19 19
31 31
29 29
17 11
28 28
31 31
28 28
24 24
19 19
11 17
10 10
30 30
25 25
30 7
20 20
6 6
28 28
25 25
31 31
32 32
19 19
17 17
29 29
19 19
34 34
19 19
30 23
26 6
19 19
24 11
19 19
29 29
19 19
28 28
28 28
25 25
29 29
31 20
30 30
25 25
30 30
29 26
11 3
19 19
24 24
30 10
19 19
24 34
30 30
28 3
28 28
29 29
30 30
30 30
24 24
17 17
28 28
24 24
31 31
28 17
3 3
6 29
24 24
24 19
24 11
31 31
28 28
17 17
3 3
26 26
24 24
31 31
6 6
6 6
23 10
12 12
6 30
19 19
10 10
24 24
6 6
6 6
25 25
24 25
29 29
28 19
24 24
24 31
19 25
31 31
29 29
24 24
19 19
31 25
31 17
17 17
19 19
31 31
6 6
32 32
6 6
25 25
28 32
31 31
14 14
25 17
28 28
30 30
28 17
30 30
19 19
32 17
28 28
28 32
30 30
28 28
25 25
24 28
28 34
19 19
30 30
34 34
25 31
17 17
6 6
31 31
19 19
19 19
32 32
31 31
11 25
12 12
25 25
6 6
30 30
14 14
30 30
34 34
28 3
3 3
29 29
30 30
7 7
2 2
19 19
34 34
24 24
25 18
19 19
6 6
28 28
19 19
26 26
19 19
6 6
26 26
30 30
25 25
17 32
3 3
30 30
18 18
28 28
19 19
6 33
34 25
14 14
31 11
34 34
29 6
11 11
17 17
25 25
17 17
32 25
31 20
6 30
17 3
6 6
28 28
19 19
31 31
24 24
6 10
31 11
33 33
26 26
34 34
17 17
24 24
31 31
31 31
6 6
28 28
11 11
32 32
31 31
24 28
12 12
30 12
24 11
31 31
17 17
32 32
6 6
6 6
19 19
31 31
14 14
24 24
18 18
32 32
19 19
24 25
31 3
3 3
31 31
19 19
26 26
17 25
29 29
6 12
24 24
19 19
28 28
25 25
30 30
23 23
28 28
28 28
28 28
24 24
30 30
26 26
10 10
25 11
30 30
17 17
28 11
14 14
32 11
11 11
24 24
24 24
25 25
19 11
17 17
6 6
6 7
31 31
24 24
3 3
17 17
31 31
24 24
14 14
31 20
32 32
3 3
32 32
29 29
11 11
11 11
28 19
3 3
3 2
17 17
32 32
25 25
32 32
11 11
17 17
6 6
19 19
2 2
24 32
24 24
24 24
20 20
31 31
19 19
17 17
18 18
24 24
6 6
6 6
31 31
17 25
17 17
3 3
28 28
19 19
17 17
19 3
28 28
25 25
17 3
34 34
25 25
34 34
19 19
32 32
7 7
29 29
30 30
31 25
17 11
28 28
6 6
31 31
6 6
24 24
28 28
33 33
25 25
30 30
10 10
31 25
19 19
34 17
24 24
32 32
17 17
28 28
3 3
6 6
25 11
24 24
19 19
31 14
31 19
17 17
3 3
19 19
2 2
6 6
17 17
28 24
32 32
20 20
19 19
19 19
19 19
26 26
11 11
19 19
31 31
10 10
24 24
19 19
31 25
24 2
24 17
24 24
19 19
31 25
32 32
32 32
31 31
31 31
17 3
6 29
26 26
19 19
31 24
6 6
24 24
19 19
34 34
32 32
3 3
17 17
24 24
25 25
30 30
25 25
6 6
6 6
25 19
6 6
18 18
19 19
11 11
31 25
6 6
26 26
31 34
31 31
23 23
17 17
24 24
31 31
31 31
32 32
24 3
28 28
31 32
30 30
28 28
6 6
24 24
32 32
31 31
24 24
17 17
25 31
34 17
25 25
19 28
29 29
19 19
32 32
32 32
19 19
28 28
19 19
20 20
11 11
6 29
32 32
24 24
11 11
24 24
30 10
19 19
28 28
25 25
29 29
30 30
30 30
30 30
24 24
32 32
23 23
34 34
6 6
24 24
30 29
19 19
34 34
3 3
24 25
31 31
25 25
20 20
7 7
17 17
31 31
28 19
19 19
17 17
19 19
24 31
6 6
31 31
30 30
31 31
11 11
25 25
31 31
30 30
28 28
6 6
29 29
17 17
3 3
24 24
31 31
30 30
24 24
17 17
32 32
3 3
31 20
31 31
29 29
30 30
6 12
34 34
29 26
19 19
23 23
34 34
29 29
6 6
31 11
31 31
34 34
29 29
11 11
34 34
25 25
24 24
6 6
24 24
26 26
32 32
28 28
31 31
34 34
23 23
31 31
24 24
24 24
29 29
26 26
31 3
30 30
11 11
28 28
26 12
7 7
24 24
11 11
29 29
19 17
3 3
29 29
28 28
3 3
31 24
24 24
19 19
18 20
6 6
19 19
19 19
31 20
25 25
19 19
7 7
24 24
23 23
25 25
6 6
28 28
6 6
30 30
31 34
31 31
24 24
31 31
12 12
6 6
6 6
30 30
17 25
28 28
30 30
26 26
28 28
31 31
3 3
6 6
6 23
26 23
31 28
24 24
19 19
28 28
31 31
30 30
29 29
6 6
29 29
32 19
31 25
11 11
30 6
17 17
32 32
6 6
31 31
25 25
31 31
14 14
30 30
28 28
28 3
19 19
31 31
28 28
31 31
28 28
28 28
32 32
6 24
29 29
24 24
11 11
19 19
19 19
32 32
26 26
28 28
3 3
6 6
31 31
25 25
26 26
19 19
28 28
11 11
19 19
29 29
2 2
25 25
11 19
28 28
11 19
24 24
29 26
6 29
32 11
17 31
11 11
24 25
28 28
17 17
30 30
29 7
25 25
6 6
25 25
28 28
30 30
33 33
28 28
24 24
30 30
32 32
17 17
2 2
6 6
24 24
6 6
23 23
3 3
28 2
25 25
3 3
31 17
29 29
24 24
11 2
30 30
32 32
31 31
29 29
30 29
24 17
31 18
18 18
31 31
26 26
31 31
28 28
28 28
26 12
24 20
17 17
18 18
6 6
24 24
34 34
31 31
31 24
31 3
26 26
3 3
29 29
34 34
17 17
28 28
28 28
6 12
19 19
19 19
31 25
11 11
31 3
11 11
6 6
24 24
28 19
31 2
24 24
28 28
29 29
28 28
31 31
25 31
25 25
25 25
25 25
24 32
25 25
24 24
28 28
29 29
12 12
19 19
28 28
24 31
34 34
17 2
3 3
24 24
26 26
32 32
25 25
31 31
19 28
31 31
11 11
25 25
12 12
19 19
11 11
30 30
23 23
6 10
19 19
25 25
24 31
31 31
31 31
32 32
29 29
29 29
26 26
28 28
31 25
28 28
28 28
6 6
6 29
25 25
24 31
24 28
34 34
31 31
29 6
19 28
29 29
11 11
28 28
29 29
33 33
31 31
17 17
32 20
30 30
19 19
26 26
34 34
19 19
31 14
30 30
28 25
26 26
6 6
19 19
14 14
26 10
19 19
25 25
24 24
17 17
28 28
31 31
34 34
28 28
32 32
32 32
30 23
6 6
26 26
6 6
11 11
33 33
20 20
30 30
17 17
17 17
26 26
30 30
3 25
31 31
19 19
24 24
26 26
31 31
19 19
34 11
17 31
28 3
28 28
19 19
25 25
19 19
31 31
25 25
19 19
11 11
19 19
32 32
26 26
32 32
10 10
31 31
26 26
24 24
20 20
34 34
24 2
7 7
25 25
28 28
25 28
26 26
28 28
2 2
18 18
25 25
34 34
17 17
26 26
25 25
28 28
32 32
26 30
14 14
6 6
29 29
23 23
12 12
24 24
26 26
31 31
23 23
31 31
31 31
6 7
32 32
26 7
3 3
19 19
24 24
28 28
26 26
17 17
12 12
26 12
11 25
6 6
29 29
23 23
17 17
17 17
31 31
26 26
24 25
31 31
26 29
19 19
33 33
33 33
24 24
25 25
34 34
24 24
25 25
14 14
30 30
24 2
34 34
19 19
24 24
31 31
31 24
19 19
24 24
32 32
25 25
11 11
28 3
3 3
31 31
6 6
29 29
6 6
24 24
6 12
24 24
20 20
2 2
31 31
30 30
6 6
26 26
32 32
19 19
17 28
26 26
11 11
24 24
31 32
19 19
11 11
25 25
6 6
6 6
31 28
24 24
31 31
18 18
31 31
19 19
31 11
19 20
34 34
2 2
28 19
18 18
26 30
24 24
30 30
34 11
25 25
6 10
7 7
26 26
31 31
24 24
25 25
26 6
28 24
31 25
31 31
25 2
20 20
30 30
11 11
14 14
6 6
6 6
6 6
28 28
17 17
6 23
29 29
31 31
30 30
34 34
28 28
25 25
6 29
19 19
31 31
24 11
30 30
25 25
24 24
30 30
32 32
6 6
26 26
24 24
28 28
20 20
24 24
24 24
11 11
19 19
3 3
6 26
31 31
19 19
32 32
6 6
25 25
28 28
26 26
26 26
31 2
17 17
28 25
19 19
28 28
6 6
34 34
6 6
28 28
11 11
6 6
33 33
24 24
2 2
25 25
26 26
19 19
31 31
23 23
6 6
24 24
28 28
19 19
6 6
17 3
30 30
25 14
24 2
30 30
30 30
32 32
29 29
6 6
24 24
29 29
24 19
29 7
24 24
25 3
6 26
29 29
19 19
29 29
23 10
24 24
31 31
30 30
24 24
28 28
17 17
3 3
6 6
28 28
32 32
25 25
3 3
6 12
31 31
28 28
24 24
31 31
19 19
11 11
28 28
28 28
32 32
28 28
11 20
24 24
34 34
25 25
24 24
33 33
10 10
28 28
28 28
31 25
24 24
26 26
28 28
17 17
31 31
31 31
19 19
19 19
6 29
26 2
28 28
19 19
30 30
25 25
2 2
6 6
28 28
26 26
30 30
24 24
30 33
30 29
29 29
28 19
20 20
31 20
32 32
17 17
6 6
30 30
34 34
28 28
24 24
3 3
17 25
24 24
32 3
6 6
34 34
19 19
31 20
29 29
26 26
32 32
2 2
19 19
25 25
31 31
28 28
6 6
30 10
34 34
19 19
17 17
19 19
31 31
34 34
31 31
24 24
25 25
30 30
3 3
19 19
17 17
24 25
30 30
11 11
17 17
17 17
19 6
31 24
26 26
29 29
3 3
25 17
31 31
11 19
19 19
32 32
29 29
19 19
6 24
18 18
17 17
28 28
29 29
28 28
31 31
11 11
6 6
19 17
30 30
32 32
30 30
6 6
32 32
34 34
32 32
30 30
6 6
31 31
20 20
6 30
31 2
31 31
34 34
14 14
24 24
32 32
19 24
26 26
31 31
24 19
31 31
28 28
32 32
19 19
29 29
32 32
3 3
20 20
28 28
31 31
30 30
23 23
31 31
19 19
19 19
31 31
30 30
24 24
26 26
6 6
25 25
24 24
34 34
11 11
25 11
29 29
23 23
28 28
28 28
6 23
7 7
19 19
26 26
25 25
28 28
19 19
32 32
28 28
25 25
6 6
28 28
14 14
31 31
29 29
6 26
11 11
6 6
28 28
19 19
24 24
31 31
19 19
19 19
2 2
30 30
28 28
32 32
30 30
11 25
34 34
19 25
19 19
6 6
6 6
25 25
24 34
30 7
32 32
29 29
17 17
17 17
24 24
30 30
17 17
20 20
7 7
17 34
31 31
28 28
30 6
26 26
25 25
28 28
17 17
19 19
31 28
34 34
30 7
25 25
6 6
24 24
17 17
31 31
18 18
28 28
34 34
19 19
3 3
24 24
6 30
19 19
25 25
3 3
32 32
17 17
31 31
32 20
6 6
11 18
33 33
25 2
31 25
24 31
28 28
28 28
7 7
3 3
18 18
31 31
24 24
3 3
30 30
18 18
11 32
19 19
29 29
28 28
34 34
32 31
25 25
30 30
34 34
11 11
19 2
10 10
33 33
28 28
32 32
28 28
31 31
6 6
2 2
17 11
29 29
31 32
29 29
25 28
17 17
12 26
25 25
28 28
26 26
24 24
14 14
31 31
30 30
34 34
32 32
34 34
25 25
6 6
7 7
30 7
25 14
31 3
6 6
25 25
11 11
25 25
14 14
6 6
31 31
26 6
19 19
11 11
17 17
6 6
3 3
28 28
24 24
26 10
24 24
6 26
32 32
29 29
6 6
17 17
31 11
28 28
28 28
24 25
26 26
31 3
34 34
32 32
6 6
18 14
17 3
3 14
6 6
32 32
25 31
17 17
28 24
32 32
34 34
6 33
31 31
10 10
19 28
17 17
31 25
29 29
28 28
26 26
29 29
24 24
31 25
31 3
30 30
19 19
28 28
18 18
17 31
28 28
31 31
20 20
28 28
28 28
19 19
34 34
24 24
24 24
29 29
6 6
31 31
24 24
7 7
6 6
24 24
26 26
18 18
19 28
25 25
33 33
6 26
24 24
31 31
3 3
31 31
24 24
26 26
25 25
24 24
26 26
25 25
25 25
19 19
28 28
17 17
19 19
28 28
24 31
19 19
24 24
25 25
24 24
30 26
6 6
25 25
10 10
24 24
11 11
19 19
14 14
24 28
32 32
29 29
3 3
24 24
24 24
19 19
28 3
25 17
30 30
34 34
28 28
6 29
29 29
6 10
17 11
19 3
32 32
14 14
29 29
31 31
23 23
19 19
11 11
26 26
32 32
29 29
20 20
30 30
11 11
34 34
25 25
32 32
28 28
18 18
19 19
32 32
32 32
19 28
19 19
18 18
32 14
25 25
26 26
19 19
6 6
6 6
30 30
32 3
30 30
31 31
26 26
26 26
24 24
6 6
20 20
17 34
24 17
25 25
20 20
26 26
19 19
34 34
19 19
24 24
32 32
6 6
32 32
11 11
14 14
24 24
24 17
28 28
19 19
25 25
34 34
29 29
25 25
28 28
6 6
30 7
17 2
19 19
30 30
24 24
24 24
30 30
28 28
30 30
31 31
24 24
30 30
6 6
26 26
6 6
7 7
17 17
6 6
17 17
6 33
24 24
24 28
25 25
24 24
30 30
19 19
34 34
3 17
31 34
19 28
29 29
32 32
6 6
17 17
30 30
17 3
31 17
31 31
19 19
17 31
26 26
31 31
25 25
32 32
24 24
17 17
30 30
31 31
33 6
24 24
6 6
19 19
25 25
24 24
24 24
24 28
32 32
32 32
31 31
20 20
28 28
3 3
30 30
31 31
24 11
34 34
25 25
6 6
17 17
30 30
31 31
31 31
24 24
24 24
31 25
29 29
6 6
24 19
24 24
26 26
26 26
19 19
6 6
14 14
24 24
7 7
30 29
28 28
24 24
29 29
31 31
28 17
6 23
25 25
11 11
28 28
25 25
18 18
6 6
29 29
20 20
32 32
30 30
19 28
19 19
17 3
26 26
17 17
19 19
24 24
24 24
34 20
28 28
28 28
24 24
11 11
30 30
30 30
30 30
6 6
10 10
2 2
28 28
19 19
28 28
26 26
29 26
31 31
14 14
25 11
25 25
28 28
6 6
24 32
11 11
11 11
31 31
25 25
19 19
11 24
31 34
30 30
31 2
6 6
17 17
29 29
26 26
3 3
19 19
23 23
6 12
34 34
31 31
18 18
2 2
24 18
31 20
24 24
25 25
6 6
31 31
28 17
32 32
31 31
24 24
6 6
17 17
31 31
6 6
31 31
3 3
31 31
24 25
6 6
11 11
19 19
34 34
19 19
6 6
19 19
29 29
28 28
25 25
24 24
6 6
29 29
25 18
31 31
19 19
26 26
26 26
24 31
30 30
17 17
31 31
28 28
14 14
11 11
26 12
31 20
23 23
31 31
19 28
33 33
19 19
19 19
3 3
26 26
23 23
30 30
19 19
25 3
25 25
6 29
31 31
24 24
24 24
28 19
29 29
6 6
6 33
28 28
34 34
14 14
19 28
19 19
11 11
24 24
11 11
32 32
17 17
30 30
29 29
12 12
6 6
14 14
24 24
29 29
30 30
28 28
31 31
17 17
25 25
6 6
34 34
28 28
24 25
24 25
24 2
28 28
33 33
11 11
28 2
30 30
25 25
26 26
25 2
6 6
19 19
31 31
11 11
24 24
32 32
11 11
19 19
28 28
24 24
31 20
31 25
32 32
19 19
28 28
24 24
24 2
31 31
26 26
25 25
19 19
6 6
33 33
32 32
19 19
17 17
31 31
17 3
26 26
26 26
17 17
28 28
24 24
28 28
31 11
6 6
24 19
11 11
11 11
28 28
17 32
29 29
34 34
31 31
19 19
32 32
30 30
28 28
34 34
34 34
31 32
25 25
25 25
18 18
2 2
31 31
3 3
30 30
19 28
14 14
30 6
19 28
14 14
34 34
19 3
29 29
32 28
29 29
31 31
17 11
19 19
28 28
26 12
26 26
6 33
24 24
24 24
25 14
19 19
26 29
26 26
30 30
19 19
25 25
28 28
17 17
30 30
19 19
29 29
24 31
29 29
30 30
17 25
25 25
20 20
29 29
30 30
29 29
7 7
19 19
26 6
28 28
19 19
30 30
25 25
14 14
12 12
31 31
34 34
6 10
31 31
31 34
34 34
30 30
33 33
31 31
19 19
29 29
31 17
6 6
30 30
3 3
14 14
2 2
25 25
14 14
3 3
29 29
10 10
24 24
14 14
6 6
31 31
18 18
31 11
18 18
28 28
19 19
6 6
26 26
19 19
3 3
6 24
28 24
17 17
28 28
11 11
6 6
7 7
28 28
30 30
6 6
25 25
26 30
29 29
24 24
29 26
24 24
28 31
6 6
30 30
32 32
12 12
17 17
29 6
26 6
17 17
3 3
25 25
26 10
3 3
26 26
24 24
17 28
17 17
26 26
6 12
24 32
30 30
24 24
30 30
28 28
24 24
31 31
32 32
7 7
17 17
30 30
31 31
19 19
17 17
30 30
26 26
24 24
28 14
19 19
30 30
24 24
19 19
19 19
34 34
24 34
31 31
31 25
2 2
30 30
31 24
3 3
6 6
6 6
34 34
31 31
25 25
28 28
30 30
31 2
30 30
17 17
29 29
30 30
25 25
28 28
33 33
26 26
6 6
11 11
28 28
7 7
32 28
25 25
23 23
18 18
31 31
26 26
18 18
34 31
19 19
30 30
25 25
18 18
31 31
11 11
32 32
31 31
32 32
17 2
25 25
25 25
6 6
32 32
30 30
25 25
31 25
28 28
6 6
25 25
28 28
31 31
7 7
30 30
19 17
6 6
6 6
31 31
25 25
31 31
25 25
25 25
24 24
6 6
6 6
29 29
24 24
12 12
32 32
17 17
31 32
28 28
28 24
31 31
3 3
31 31
11 11
25 25
25 25
31 31
28 28
2 2
6 6
30 30
11 11
19 19
26 26
20 20
19 19
19 31
25 25
24 24
30 30
7 7
30 30
24 24
26 26
28 24
17 17
24 32
11 11
6 23
17 17
17 17
28 28
30 30
24 24
24 24
32 32
25 25
31 14
7 7
24 24
28 28
30 30
17 3
6 6
26 26
24 24
28 28
34 34
28 14
32 31
6 6
29 29
25 25
30 30
11 18
24 24
24 34
7 7
25 25
6 10
3 3
26 12
19 19
7 7
6 6
17 17
25 25
28 28
34 34
31 31
26 26
30 30
17 17
30 30
11 11
6 6
29 29
24 24
31 2
2 2
28 28
28 28
6 6
26 33
6 23
19 19
2 2
11 34
25 25
17 17
6 29
6 6
31 11
31 25
17 17
31 32
19 19
31 25
19 19
24 24
3 3
12 12
2 2
19 19
10 10
29 29
10 10
7 7
24 24
6 12
3 3
19 19
3 3
17 17
28 19
34 34
26 23
30 30
25 25
31 11
11 11
31 31
30 33
24 24
25 25
30 29
30 26
26 26
34 34
32 32
2 2
28 28
24 24
31 31
31 31
29 29
11 11
31 31
31 26
6 30
19 19
29 29
19 28
25 25
30 30
3 3
28 28
24 24
11 11
3 3
34 34
30 29
19 19
34 34
25 25
25 25
25 25
32 32
19 19
32 32
30 30
19 19
31 31
19 19
6 6
30 10
6 6
6 6
30 30
17 17
19 19
3 3
26 7
14 14
14 14
31 11
29 7
25 14
32 32
30 30
31 31
34 34
24 24
19 28
24 24
25 25
31 32
31 25
19 19
19 25
14 14
28 28
30 30
19 17
11 11
17 28
31 34
26 26
26 26
33 33
28 28
31 31
28 28
34 34
19 19
23 23
17 17
28 28
19 19
6 6
26 26
11 11
19 19
24 24
28 28
31 25
30 30
31 31
25 25
26 26
6 6
31 3
11 11
24 32
25 25
32 32
24 24
25 25
3 3
34 34
30 30
29 29
20 20
28 20
24 14
11 34
30 30
17 17
6 6
23 23
24 24
29 29
34 34
19 19
24 24
19 2
32 32
18 18
6 6
32 32
6 10
19 19
30 30
2 2
24 24
6 12
31 31
19 19
24 24
11 11
17 17
12 12
19 19
25 2
25 17
20 20
26 26
19 19
24 11
26 26
6 6
6 6
28 28
31 24
24 24
29 29
28 28
24 24
6 6
31 31
30 30
19 19
34 34
24 24
34 34
28 28
26 26
6 6
28 28
26 23
17 17
17 17
24 24
31 31
7 7
19 19
30 30
28 28
30 30
34 34
17 17
26 26
30 30
31 19
29 29
11 11
19 3
24 24
25 25
19 19
26 23
31 31
32 34
28 28
30 30
25 25
32 32
3 28
29 29
30 30
3 3
6 6
24 25
24 24
30 30
17 17
31 31
29 29
17 24
19 19
31 3
17 17
32 32
17 17
31 31
31 31
6 23
26 12
32 3
28 28
25 25
30 30
19 19
28 28
30 26
29 29
17 17
24 24
34 34
30 30
25 25
24 24
18 18
32 32
6 6
19 19
6 6
19 28
29 29
31 29
34 34
29 29
17 17
6 6
19 24
11 11
26 26
26 26
19 19
25 25
19 19
11 11
26 12
2 2
19 19
31 31
32 32
3 3
24 24
7 7
25 3
24 24
19 19
17 17
24 24
31 17
19 19
24 24
3 3
34 34
34 34
31 31
30 30
25 25
26 26
28 28
30 30
34 34
25 17
34 34
24 24
25 11
26 26
17 17
25 25
20 20
25 31
19 19
28 28
6 6
31 31
28 28
26 26
32 32
26 26
25 25
17 14
26 26
7 7
31 32
26 26
3 17
24 24
14 14
25 25
19 19
19 19
24 17
34 20
3 3
10 10
31 31
26 26
24 24
29 23
31 31
28 28
30 30
29 6
28 14
19 19
31 25
6 26
32 32
11 11
30 30
32 11
34 34
11 11
26 12
19 19
31 31
34 34
12 12
25 25
24 24
30 30
11 11
31 31
29 33
24 24
11 11
28 18
3 3
26 26
31 34
24 24
28 28
18 18
34 34
29 29
28 28
28 28
17 3
32 32
30 30
30 30
30 30
6 6
24 24
30 30
34 34
17 3
29 29
30 30
24 24
31 25
31 31
6 33
28 28
11 11
20 20
30 30
19 19
26 26
11 11
30 29
26 7
25 32
19 19
6 6
24 24
28 19
30 30
24 24
24 11
25 25
19 19
25 34
34 34
32 32
32 32
3 3
29 29
31 17
30 30
32 32
29 29
19 19
7 7
28 28
6 6
34 34
25 25
24 24
26 12
19 19
24 24
30 30
32 32
26 26
24 24
26 26
30 30
34 34
24 24
24 32
26 26
25 3
28 28
25 25
28 19
24 24
26 26
17 17
26 26
29 29
11 11
20 20
12 12
28 28
26 26
32 32
29 29
26 26
31 31
28 19
24 18
25 25
28 28
29 29
19 18
28 28
25 25
6 6
30 30
11 11
25 25
30 30
28 28
24 24
19 19
19 28
31 34
17 17
30 7
10 10
26 26
32 32
24 32
24 24
30 30
17 17
26 12
17 34
31 31
7 7
11 11
19 19
3 3
31 31
34 34
6 6
31 31
28 28
6 6
29 29
31 31
34 34
34 34
24 24
24 24
10 10
25 2
29 29
17 17
24 24
31 31
34 34
26 26
24 24
24 17
28 28
2 2
30 30
24 24
20 20
30 30
28 28
24 24
34 34
24 24
24 24
19 28
30 7
24 24
34 34
19 19
6 6
30 30
28 28
34 34
6 6
19 19
29 6
28 28
28 34
17 17
26 26
24 11
25 25
25 11
17 17
28 28
25 25
24 25
29 29
25 34
26 26
28 28
25 31
28 28
31 31
30 30
30 30
32 32
25 20
10 10
28 28
11 11
3 3
19 19
25 25
26 26
24 3
31 31
20 20
14 14
17 17
17 17
19 19
31 31
24 24
11 18
11 11
25 25
28 28
31 25
11 11
19 17
14 14
30 30
6 6
17 17
34 34
24 24
28 20
24 19
30 30
26 33
24 18
25 25
3 3
19 19
33 33
26 26
6 6
25 25
32 32
19 19
12 26
17 17
19 19
17 17
17 17
25 25
3 3
17 17
19 19
33 33
34 34
3 3
25 31
31 31
24 2
19 17
31 2
28 28
24 24
28 19
17 17
31 31
28 28
7 7
11 11
31 18
28 28
28 28
6 6
30 30
32 24
19 19
6 6
32 32
33 33
25 31
30 30
23 23
30 30
11 11
31 3
24 34
30 30
26 26
29 29
25 25
30 26
30 30
32 32
34 34
19 28
6 6
25 25
29 29
25 25
31 31
24 24
11 11
26 6
24 24
7 33
2 2
17 17
30 30
25 25
7 7
6 12
2 2
28 28
24 34
19 19
30 30
24 24
32 32
32 32
31 31
24 30
24 3
29 29
20 20
6 6
24 24
29 29
31 31
30 30
26 26
32 32
19 19
26 26
23 23
11 18
11 11
6 6
28 28
25 25
17 17
12 12
26 12
3 3
6 6
31 25
25 25
32 32
26 26
31 3
25 25
24 24
32 32
32 32
24 24
19 28
3 3
24 24
24 24
29 29
19 19
11 11
26 26
26 26
24 24
19 3
29 29
30 30
18 18
25 18
30 30
11 11
17 17
32 20
20 20
24 25
19 19
34 34
28 19
24 24
19 19
11 11
19 19
25 25
30 30
30 30
30 30
34 34
10 23
17 2
17 17
25 34
28 17
30 30
20 20
26 26
29 29
26 26
31 31
30 30
28 2
19 19
31 31
29 29
19 19
25 25
28 28
24 24
17 17
30 30
28 28
28 17
6 6
28 28
26 12
24 24
25 31
6 6
32 32
31 31
31 31
3 3
19 19
6 6
31 25
25 25
14 14
23 23
34 34
6 30
6 6
31 31
17 3
19 19
25 18
30 30
18 18
6 6
24 24
10 10
31 25
19 19
34 34
3 3
6 6
29 29
25 25
17 17
19 19
14 14
17 17
29 29
26 26
31 17
33 33
18 18
19 17
24 14
30 30
30 30
32 32
30 30
29 29
25 25
17 17
24 24
29 29
2 2
29 26
30 30
29 29
3 3
31 31
31 31
19 19
24 24
30 30
24 24
24 24
28 28
24 24
28 28
24 24
24 24
29 29
6 6
19 19
26 26
25 25
3 3
32 32
6 6
32 32
32 32
26 26
29 29
25 25
30 30
31 11
24 25
32 32
29 29
11 11
7 7
17 17
26 7
17 17
3 3
3 3
24 18
31 25
32 32
31 25
34 34
17 17
28 28
25 25
30 30
25 25
3 3
19 19
12 12
3 3
7 7
32 32
19 19
24 18
6 6
32 24
26 26
30 30
24 24
32 32
19 19
7 7
12 12
24 24
31 31
24 25
25 25
31 31
19 19
30 30
6 6
30 30
26 26
24 24
28 28
7 7
11 11
24 32
30 30
19 19
28 28
28 28
28 28
17 17
28 28
24 24
31 31
10 10
26 26
19 19
19 19
25 18
26 26
34 34
25 25
26 29
17 25
17 17
30 30
25 28
31 12
17 17
24 24
24 24
33 33
29 29
32 32
31 31
31 11
19 19
30 30
24 24
6 6
24 24
17 24
25 25
31 20
19 19
19 19
17 17
17 17
28 28
32 32
24 24
24 24
26 26
17 17
30 30
25 25
31 11
30 30
17 14
11 11
25 25
30 30
11 34
34 34
25 11
32 32
26 26
34 34
19 19
3 3
33 33
10 10
25 25
34 34
11 11
6 6
17 17
19 19
19 25
28 28
31 31
19 19
14 17
29 29
31 31
17 17
17 17
30 30
32 32
3 3
19 19
26 12
25 25
28 19
11 11
2 2
3 3
17 17
3 3
31 31
6 6
14 14
24 24
24 24
17 24
31 31
11 11
24 34
25 25
31 24
25 25
24 24
32 25
30 30
6 6
31 25
24 24
24 24
3 3
31 31
6 6
25 25
6 6
31 25
19 19
32 32
24 2
24 19
31 31
30 30
24 3
32 32
34 34
3 3
32 32
6 23
30 30
17 17
11 11
29 29
26 6
25 25
28 28
31 31
31 20
6 6
29 29
17 17
19 19
31 24
3 3
7 7
14 14
26 26
30 30
25 25
6 6
19 19
29 29
29 29
31 31
19 19
17 17
17 17
24 17
32 32
19 19
31 31
19 19
11 11
24 24
30 23
26 26
34 34
24 25
25 25
34 20
32 32
31 20
24 11
34 34
24 25
30 30
17 17
19 17
17 17
11 18
24 25
31 25
19 19
25 25
18 18
32 32
23 23
31 17
6 6
6 23
28 14
28 28
6 6
26 26
17 28
7 7
30 30
30 30
6 6
28 28
17 17
31 31
26 26
34 34
19 19
32 32
2 2
32 32
25 24
31 31
19 19
3 3
26 26
17 3
24 17
17 17
30 30
24 24
11 11
25 32
29 29
19 19
31 31
28 34
34 34
28 28
32 32
31 31
30 30
31 17
31 28
26 26
31 31
17 17
30 30
6 6
31 31
14 14
6 26
6 6
19 19
19 19
28 28
17 17
32 32
10 10
25 25
2 2
28 17
24 24
28 19
28 28
30 30
24 24
28 28
31 25
26 26
33 33
31 34
25 25
25 25
3 17
2 2
6 6
24 24
28 32
25 11
6 6
24 24
30 30
29 29
31 31
28 28
17 17
20 32
31 31
11 11
31 31
25 25
30 30
31 25
31 31
19 19
17 17
30 30
30 29
17 17
19 3
25 25
6 10
34 34
28 28
32 14
19 19
31 32
11 11
17 17
14 14
29 30
20 20
11 11
31 31
17 17
24 34
31 31
17 3
17 17
6 6
29 29
11 25
11 3
30 30
34 34
29 29
19 31
28 28
34 34
31 11
32 32
30 30
32 32
24 24
3 3
24 24
30 30
24 24
7 7
32 32
19 17
31 31
29 29
24 34
24 11
32 32
11 11
6 6
33 33
26 23
31 12
19 19
33 33
26 26
24 11
31 31
31 31
32 32
24 24
28 28
25 25
24 34
28 28
19 19
26 6
19 19
31 24
29 29
32 32
29 29
31 25
25 25
3 31
6 6
25 25
28 3
20 20
25 25
32 32
31 31
34 24
17 25
24 11
25 25
34 34
30 30
31 31
3 3
7 7
19 19
11 11
30 30
24 24
30 30
24 24
34 34
24 24
29 29
32 31
24 3
6 6
34 34
30 30
32 32
25 25
31 31
34 34
25 25
32 32
10 10
6 6
31 12
34 34
7 7
11 11
33 33
24 24
31 17
28 28
19 19
11 11
10 10
29 29
6 6
24 24
6 6
17 17
30 30
30 30
34 34
19 19
30 30
28 19
14 14
31 31
30 30
2 2
28 28
24 24
25 25
31 25
34 34
34 34
24 24
32 32
11 34
30 30
25 25
24 31
31 31
19 28
30 30
26 26
24 24
24 24
18 18
19 19
19 19
3 3
32 32
32 32
24 24
19 19
6 6
24 24
6 6
24 19
32 32
24 24
33 33
23 23
30 30
20 20
24 24
24 24
28 28
31 31
19 19
32 32
25 25
6 6
3 3
3 3
30 30
3 3
32 32
11 11
28 28
30 23
28 28
6 6
31 31
24 11
25 25
25 25
17 17
24 24
17 17
2 2
30 30
26 26
11 24
24 24
19 19
19 31
7 7
25 3
18 18
29 29
31 31
6 7
25 25
17 17
3 3
11 11
25 17
6 6
23 23
24 24
17 11
28 28
31 24
19 19
24 24
28 28
25 25
24 31
26 26
3 28
28 28
30 30
6 6
18 18
19 19
30 30
32 14
26 26
19 28
29 29
24 24
29 29
29 23
24 24
17 17
19 19
26 26
29 29
19 19
31 31
31 2
26 30
17 3
17 17
26 26
33 33
25 25
34 17
34 34
32 32
30 30
28 24
29 29
30 30
29 29
19 19
11 11
6 6
34 34
18 18
30 30
28 28
24 25
6 6
28 32
11 11
30 30
29 29
34 34
32 32
24 11
29 29
31 3
31 31
29 29
25 25
7 7
24 24
17 14
34 34
24 24
24 24
30 30
31 31
17 17
17 17
32 32
32 32
17 20
34 34
19 19
19 19
24 25
30 30
30 30
6 6
2 2
33 33
30 30
17 17
26 26
28 17
32 32
17 17
19 19
31 31
34 34
11 11
18 18
3 3
6 6
34 34
25 19
10 10
3 3
11 11
25 25
6 6
25 25
19 19
31 17
17 2
6 6
32 32
34 34
17 17
28 28
6 6
24 24
3 3
19 18
25 32
26 26
17 28
24 3
17 17
19 19
29 29
26 26
7 7
30 30
25 25
31 31
26 26
17 17
17 3
7 7
31 24
29 29
33 33
31 31
25 25
34 34
2 2
31 31
31 31
29 29
24 24
24 32
17 17
19 19
28 28
28 28
28 3
17 17
3 17
26 26
31 31
31 20
10 10
30 30
31 20
11 11
24 24
31 31
31 31
25 11
29 29
17 17
26 26
6 33
19 19
26 26
32 32
6 6
26 26
18 18
28 14
34 20
24 24
32 32
17 24
11 11
28 28
24 24
18 18
30 30
24 32
6 6
17 17
24 11
26 26
31 20
28 28
6 6
25 25
31 31
14 14
23 23
26 26
31 31
34 34
20 20
24 24
30 30
25 25
31 25
24 24
31 31
6 6
32 32
24 24
32 32
17 17
19 19
6 6
30 30
12 12
25 20
28 28
19 19
6 6
17 17
18 18
11 11
11 11
26 26
31 31
28 28
32 31
34 34
19 19
17 17
24 32
28 28
17 17
25 25
31 25
31 31
28 28
32 32
30 30
17 17
31 32
26 26
26 26
18 18
28 19
30 30
25 25
6 6
6 6
24 24
11 34
32 32
19 19
19 19
19 19
30 30
34 11
28 28
29 29
32 32
6 6
11 11
26 26
18 18
29 29
3 3
18 18
11 11
32 14
24 24
6 6
28 28
17 20
19 7
6 6
34 34
32 32
24 3
19 19
19 28
14 14
30 30
20 20
31 31
25 25
17 17
32 32
26 26
31 31
29 26
19 19
6 6
17 17
2 2
17 17
25 25
28 28
6 6
31 31
20 20
17 17
19 19
25 25
17 25
19 32
7 7
6 6
29 29
3 17
28 28
25 25
17 19
19 19
29 29
24 17
24 24
30 30
24 24
25 25
31 25
6 6
26 26
20 20
17 17
28 19
25 25
24 24
28 28
26 26
29 26
28 3
12 12
19 17
34 34
28 19
17 17
24 24
28 28
34 34
6 7
30 30
25 25
28 28
11 11
